53152377124
53152377122
53152377123
130539375703
130950415647
130539369829
130950403454
130535382114
130535369608
49327352184
49327352180
49327352181
49327352182
49327352183
52953375704
52953375705
52953375703
55285392288
55285392289
55285392290
57873409129
57873409128
57873409127
58024410443
58024410445
58024410444
56965403464
56965403463
56965403455
48199344392
48199344393
48199344394
53811382113
53811382114
53811382115
56963403456
56963403455
56963403454
50789361631
50789361630
50789361632
784951507
784951506
784951508
51993369610
51993369609
51993369608
130414369609
130414361633
130110344392
130110377120
130412361630
130412410444
130951403458
130951416550
130928410443
130928400920
52008369828
52008369829
52008369830
130538369828
55288392313
55288392315
55288392314
52654373792
52654373791
52654373790
53669381145
53669381144
53669381146
53151377119
53151377121
53151377120
130538409128
130249352181
37188268639
37188268646
37188268645
37188268644
37188268643
37188268642
37188268641
37188268640
56964403458
56964403459
56964403460
56964403461
56964403455
58541414338
58541414339
58541414340
58541414341
50790361633
50790361634
50790361635
130249373790
58690415649
58690415648
58690415650
58690415647
58690415646
50788361623
50788361625
50788361624
130702392288
130702381145
58818416550
58818416551
58818416552
58818416553
58818416554
56614400919
56614400920
56614400921
130849400919
130849392314
130415361634
130631382113
130415377122
130631375704
46032330007
46032330006
46032330005
46032330004
46032330003
46032330002
46032330001
46032330000
46032330008
46032329991
46032329990
46032329989
46032329999
46032329998
46032329997
46032329996
46032329995
46032329994
46032329993
46032329992
130413361631
130111344393
130413381144
130111409127
130606392313
130411361624
130952414338
130952403463
130606373791
130411377119
